0.8 1.0 1.0 0.0 0.8 0.0 0.3333333333333333 1.0 1.0 1.0 0.6666666666666666 0.5 1.0 0.0 0.8 0.0 0.5 1.0 1.0 0.6666666666666666 1.0 
0.9 1.0 1.0 0.0 0.8333333333333334 0.0 1.0 1.0 1.0 1.0 0.6666666666666666 1.0 1.0 0.0 1.0 0.0 0.5 1.0 1.0 0.6666666666666666 1.0 
0.9 1.0 1.0 0.0 0.8333333333333334 0.0 1.0 1.0 1.0 1.0 0.6666666666666666 1.0 1.0 0.0 1.0 0.0 0.5 1.0 1.0 0.6666666666666666 1.0 
0.8 1.0 0.6666666666666666 0.0 0.8333333333333334 0.0 0.0 0.6666666666666666 1.0 1.0 0.6666666666666666 0.5 1.0 0.0 1.0 0.0 0.0 1.0 1.0 0.6666666666666666 1.0 
0.7 1.0 0.6666666666666666 0.0 0.8 0.0 0.0 1.0 1.0 1.0 0.4 1.0 1.0 0.0 0.8 0.0 0.0 1.0 0.5 0.3333333333333333 1.0 
0.75 1.0 0.5 0.0 0.8 0.0 0.0 1.0 1.0 1.0 0.5 1.0 1.0 0.0 0.8 0.0 0.0 1.0 1.0 0.3333333333333333 1.0 
0.65 1.0 0.5 0.0 0.8 0.0 0.0 0.6666666666666666 1.0 1.0 0.4 0.5 1.0 0.0 0.8 0.0 0.0 1.0 0.5 0.3333333333333333 1.0 
0.6 1.0 0.4 0.0 0.8 0.0 0.0 0.6666666666666666 1.0 0.0 0.4 0.5 1.0 0.0 0.8 0.0 0.0 1.0 0.5 0.0 1.0 
0.6 1.0 0.4 0.0 0.8 0.0 0.0 0.6666666666666666 1.0 0.0 0.4 0.5 1.0 0.0 0.8 0.0 0.0 1.0 0.5 0.0 1.0 
0.5 0.0 0.4 0.0 1.0 0.0 0.0 0.5 0.0 0.0 0.3333333333333333 0.0 1.0 0.0 0.8 0.0 0.0 1.0 0.0 0.0 1.0 
0.5 0.0 0.4 0.0 0.8 0.0 0.0 0.5 0.0 0.0 0.3333333333333333 0.0 1.0 0.0 0.8 0.0 0.0 1.0 0.0 0.0 1.0 
0.5 0.0 0.4 0.0 0.8 0.0 0.0 0.5 0.0 0.0 0.3333333333333333 0.0 1.0 0.0 0.8 0.0 0.0 1.0 0.0 0.0 1.0 
0.45 0.0 0.3333333333333333 0.0 0.75 0.0 0.0 0.5 0.0 0.0 0.3333333333333333 0.0 1.0 0.0 0.6 0.0 0.0 1.0 0.0 0.0 1.0 
0.45 0.0 0.2857142857142857 0.0 0.75 0.0 0.0 0.5 0.0 0.0 0.4 0.0 1.0 0.0 0.6 0.0 0.0 1.0 0.0 0.0 1.0 
0.45 0.0 0.2857142857142857 0.0 0.75 0.0 0.0 0.5 0.0 0.0 0.4 0.0 1.0 0.0 0.6 0.0 0.0 1.0 0.0 0.0 1.0 
0.45 0.0 0.2857142857142857 0.0 0.75 0.0 0.0 0.5 0.0 0.0 0.4 0.0 1.0 0.0 0.6 0.0 0.0 1.0 0.0 0.0 1.0 
0.4 0.0 0.25 0.0 0.6666666666666666 0.0 0.0 0.5 0.0 0.0 0.4 0.0 1.0 0.0 0.4 0.0 0.0 1.0 0.0 0.0 1.0 
0.4 0.0 0.25 0.0 0.6666666666666666 0.0 0.0 0.5 0.0 0.0 0.4 0.0 1.0 0.0 0.4 0.0 0.0 1.0 0.0 0.0 1.0 
0.4 0.0 0.25 0.0 0.6666666666666666 0.0 0.0 0.5 0.0 0.0 0.4 0.0 1.0 0.0 0.4 0.0 0.0 1.0 0.0 0.0 1.0 
0.45 0.0 0.3333333333333333 0.0 0.75 0.0 0.0 0.5 0.0 0.0 0.3333333333333333 0.0 1.0 0.0 0.6 0.0 0.0 1.0 0.0 0.0 1.0 
0.45 0.0 0.4 0.0 0.75 0.0 0.0 0.5 0.0 0.0 0.2857142857142857 0.0 1.0 0.0 0.6 0.0 0.0 1.0 0.0 0.0 1.0 
0.45 0.0 0.3333333333333333 0.0 0.75 0.0 0.0 0.5 0.0 0.0 0.3333333333333333 0.0 1.0 0.0 0.6 0.0 0.0 1.0 0.0 0.0 1.0 
0.45 0.0 0.3333333333333333 0.0 0.6 0.0 0.0 0.5 0.0 0.0 0.4 0.0 1.0 0.0 0.6 0.0 0.0 1.0 0.0 0.0 1.0 
0.45 0.0 0.3333333333333333 0.0 0.6 0.0 0.0 0.6666666666666666 0.0 0.0 0.4 0.0 1.0 0.0 0.6 0.0 0.0 1.0 0.0 0.0 1.0 
0.5 0.0 0.4 0.0 0.8 0.0 0.0 0.6666666666666666 0.0 0.0 0.3333333333333333 0.0 1.0 0.0 0.8 0.0 0.0 1.0 0.0 0.0 1.0 
0.5 0.0 0.4 0.0 0.8 0.0 0.0 0.6666666666666666 0.0 0.0 0.3333333333333333 0.0 1.0 0.0 0.8 0.0 0.0 1.0 0.0 0.0 1.0 
0.5 0.0 0.4 0.0 0.8 0.0 0.0 0.6666666666666666 0.0 0.0 0.3333333333333333 0.0 1.0 0.0 0.8 0.0 0.0 1.0 0.0 0.0 1.0 
0.5 0.0 0.5 0.0 0.8 0.0 0.0 0.6666666666666666 0.0 0.0 0.2857142857142857 0.0 1.0 0.0 0.8 0.0 0.0 1.0 0.0 0.0 1.0 
0.5 0.0 0.5 0.0 0.8 0.0 0.0 0.5 0.0 0.0 0.2857142857142857 0.0 1.0 0.0 0.8 0.0 0.0 1.0 0.0 0.0 1.0 
0.5 0.0 0.5 0.0 0.8 0.0 0.0 0.5 0.0 0.0 0.2857142857142857 0.0 1.0 0.0 0.8 0.0 0.0 1.0 0.0 0.0 1.0 
0.5 0.0 0.5 0.0 0.8 0.0 0.0 0.5 0.0 0.0 0.2857142857142857 0.0 1.0 0.0 0.8 0.0 0.0 1.0 0.0 0.0 1.0 
0.45 0.0 0.4 0.0 0.75 0.0 0.0 0.5 0.0 0.0 0.2857142857142857 0.0 1.0 0.0 0.6 0.0 0.0 1.0 0.0 0.0 1.0 
0.5 0.0 0.6666666666666666 0.0 0.8 0.0 0.0 0.5 0.0 0.0 0.25 0.0 1.0 0.0 0.8 0.0 0.0 1.0 0.0 0.0 1.0 
0.5 0.0 0.6666666666666666 0.0 0.8 0.0 0.0 0.5 0.0 0.0 0.25 0.0 1.0 0.0 0.8 0.0 0.0 1.0 0.0 0.0 1.0 
0.5 0.0 0.6666666666666666 0.0 0.8 0.0 0.0 0.5 0.0 0.0 0.25 0.0 1.0 0.0 0.8 0.0 0.0 1.0 0.0 0.0 1.0 
0.5 0.0 0.6666666666666666 0.0 0.8 0.0 0.0 0.5 0.0 0.0 0.25 0.0 1.0 0.0 0.8 0.0 0.0 1.0 0.0 0.0 1.0 
0.5 0.0 0.6666666666666666 0.0 0.8 0.0 0.0 0.5 0.0 0.0 0.25 0.0 1.0 0.0 0.8 0.0 0.0 1.0 0.0 0.0 1.0 
0.5 0.0 0.6666666666666666 0.0 0.8 0.0 0.0 0.5 0.0 0.0 0.25 0.0 1.0 0.0 0.8 0.0 0.0 1.0 0.0 0.0 1.0 
0.5 0.0 0.6666666666666666 0.0 0.8 0.0 0.0 0.5 0.0 0.0 0.25 0.0 1.0 0.0 0.8 0.0 0.0 1.0 0.0 0.0 1.0 
0.5 0.0 0.6666666666666666 0.0 0.8 0.0 0.0 0.5 0.0 0.0 0.25 0.0 1.0 0.0 0.8 0.0 0.0 1.0 0.0 0.0 1.0 
0.5 0.0 0.6666666666666666 0.0 0.8 0.0 0.0 0.5 0.0 0.0 0.25 0.0 1.0 0.0 0.8 0.0 0.0 1.0 0.0 0.0 1.0 
0.5 0.0 0.6666666666666666 0.0 0.8 0.0 0.0 0.5 0.0 0.0 0.25 0.0 1.0 0.0 0.8 0.0 0.0 1.0 0.0 0.0 1.0 
0.5 0.0 0.6666666666666666 0.0 0.8 0.0 0.0 0.5 0.0 0.0 0.25 0.0 1.0 0.0 0.8 0.0 0.0 1.0 0.0 0.0 1.0 
0.5 0.0 0.6666666666666666 0.0 0.8 0.0 0.0 0.5 0.0 0.0 0.25 0.0 1.0 0.0 0.8 0.0 0.0 1.0 0.0 0.0 1.0 
0.5 0.0 0.6666666666666666 0.0 0.8 0.0 0.0 0.5 0.0 0.0 0.25 0.0 1.0 0.0 0.8 0.0 0.0 1.0 0.0 0.0 1.0 
0.5 0.0 0.6666666666666666 0.0 0.8 0.0 0.0 0.5 0.0 0.0 0.25 0.0 1.0 0.0 0.8 0.0 0.0 1.0 0.0 0.0 1.0 
0.5 0.0 0.6666666666666666 0.0 0.8 0.0 0.0 0.5 0.0 0.0 0.25 0.0 1.0 0.0 0.8 0.0 0.0 1.0 0.0 0.0 1.0 
0.5 0.0 0.6666666666666666 0.0 0.8 0.0 0.0 0.5 0.0 0.0 0.25 0.0 1.0 0.0 0.8 0.0 0.0 1.0 0.0 0.0 1.0 
0.45 0.0 0.5 0.0 0.8 0.0 0.0 0.5 0.0 0.0 0.2222222222222222 0.0 0.5 0.0 0.8 0.0 0.0 1.0 0.0 0.0 1.0 
0.4 0.0 0.0 0.0 0.8 0.0 0.0 0.5 0.0 0.0 0.2 0.0 0.0 0.0 0.8 0.0 0.0 1.0 0.0 0.0 1.0 
0.4 0.0 0.0 0.0 0.8 0.0 0.0 0.5 0.0 0.0 0.2 0.0 0.0 0.0 0.8 0.0 0.0 1.0 0.0 0.0 1.0 
0.4 0.0 0.0 0.0 0.8 0.0 0.0 0.5 0.0 0.0 0.2 0.0 0.0 0.0 0.8 0.0 0.0 1.0 0.0 0.0 1.0 
0.4 0.0 0.0 0.0 0.8 0.0 0.0 0.5 0.0 0.0 0.2 0.0 0.0 0.0 0.8 0.0 0.0 1.0 0.0 0.0 1.0 
0.4 0.0 0.0 0.0 0.5714285714285714 0.0 0.0 0.5 0.0 0.0 0.25 0.0 0.0 0.0 0.8 0.0 0.0 1.0 0.0 0.0 1.0 
0.45 0.0 0.0 0.0 0.625 0.0 0.0 0.5 0.0 0.0 0.25 0.0 0.0 0.0 1.0 0.0 0.0 1.0 0.0 0.0 1.0 
0.45 0.0 0.0 0.0 0.625 0.0 0.0 0.5 0.0 0.0 0.25 0.0 0.0 0.0 1.0 0.0 0.0 1.0 0.0 0.0 1.0 
0.45 0.0 0.0 0.0 0.7142857142857143 0.0 0.0 0.5 0.0 0.0 0.2222222222222222 0.0 0.0 0.0 1.0 0.0 0.0 1.0 0.0 0.0 1.0 
0.45 0.0 0.0 0.0 0.7142857142857143 0.0 0.0 0.5 0.0 0.0 0.2222222222222222 0.0 0.0 0.0 1.0 0.0 0.0 1.0 0.0 0.0 1.0 
0.45 0.0 0.0 0.0 0.8333333333333334 0.0 0.0 0.4 0.0 0.0 0.2222222222222222 0.0 0.0 0.0 1.0 0.0 0.0 1.0 0.0 0.0 1.0 
0.45 0.0 0.0 0.0 0.8333333333333334 0.0 0.0 0.4 0.0 0.0 0.2222222222222222 0.0 0.0 0.0 1.0 0.0 0.0 1.0 0.0 0.0 1.0 
0.45 0.0 0.0 0.0 0.8333333333333334 0.0 0.0 0.4 0.0 0.0 0.2222222222222222 0.0 0.0 0.0 1.0 0.0 0.0 1.0 0.0 0.0 1.0 
0.45 0.0 0.0 0.0 0.7142857142857143 0.0 0.0 0.5 0.0 0.0 0.2222222222222222 0.0 0.0 0.0 1.0 0.0 0.0 1.0 0.0 0.0 1.0 
0.45 0.0 0.0 0.0 0.7142857142857143 0.0 0.0 0.4 0.0 0.0 0.25 0.0 0.0 0.0 1.0 0.0 0.0 1.0 0.0 0.0 1.0 
0.4 0.0 0.0 0.0 0.6666666666666666 0.0 0.0 0.4 0.0 0.0 0.2222222222222222 0.0 0.0 0.0 0.8 0.0 0.0 1.0 0.0 0.0 1.0 
0.4 0.0 0.0 0.0 0.6666666666666666 0.0 0.0 0.5 0.0 0.0 0.2 0.0 0.0 0.0 0.8 0.0 0.0 1.0 0.0 0.0 1.0 
0.4 0.0 0.0 0.0 0.6666666666666666 0.0 0.0 0.5 0.0 0.0 0.2 0.0 0.0 0.0 0.8 0.0 0.0 1.0 0.0 0.0 1.0 
0.4 0.0 0.0 0.0 0.6666666666666666 0.0 0.0 0.5 0.0 0.0 0.2 0.0 0.0 0.0 0.8 0.0 0.0 1.0 0.0 0.0 1.0 
0.4 0.0 0.0 0.0 0.6666666666666666 0.0 0.0 0.4 0.0 0.0 0.2222222222222222 0.0 0.0 0.0 0.8 0.0 0.0 1.0 0.0 0.0 1.0 
0.35 0.0 0.0 0.0 0.5714285714285714 0.0 0.0 0.3333333333333333 0.0 0.0 0.14285714285714285 0.0 0.0 0.0 0.8 0.0 0.0 1.0 0.0 0.0 0.5 
0.35 0.0 0.0 0.0 0.6666666666666666 0.0 0.0 0.3333333333333333 0.0 0.0 0.125 0.0 0.0 0.0 0.8 0.0 0.0 1.0 0.0 0.0 0.5 
0.3 0.0 0.0 0.0 0.6 0.0 0.0 0.3333333333333333 0.0 0.0 0.1111111111111111 0.0 0.0 0.0 0.6 0.0 0.0 1.0 0.0 0.0 0.5 
0.25 0.0 0.0 0.0 0.6666666666666666 0.0 0.0 0.25 0.0 0.0 0.1111111111111111 0.0 0.0 0.0 0.4 0.0 0.0 1.0 0.0 0.0 0.5 
0.25 0.0 0.0 0.0 0.5 0.0 0.0 0.2857142857142857 0.0 0.0 0.1111111111111111 0.0 0.0 0.0 0.4 0.0 0.0 1.0 0.0 0.0 0.5 
0.15 0.0 0.0 0.0 0.5 0.0 0.0 0.25 0.0 0.0 0.0 0.0 0.0 0.0 0.2 0.0 0.0 1.0 0.0 0.0 0.0 
0.15 0.0 0.0 0.0 1.0 0.0 0.0 0.2 0.0 0.0 0.0 0.0 0.0 0.0 0.2 0.0 0.0 1.0 0.0 0.0 0.0 
0.1 0.0 0.0 0.0 0.0 0.0 0.0 0.16666666666666666 0.0 0.0 0.0 0.0 0.0 0.0 0.0 0.0 0.0 1.0 0.0 0.0 0.0 
0.1 0.0 0.0 0.0 0.0 0.0 0.0 0.15384615384615385 0.0 0.0 0.0 0.0 0.0 0.0 0.0 0.0 0.0 1.0 0.0 0.0 0.0 
0.1 0.0 0.0 0.0 0.0 0.0 0.0 0.1111111111111111 0.0 0.0 0.0 0.0 0.0 0.0 0.0 0.0 0.0 1.0 0.0 0.0 0.0 
0.1 0.0 0.0 0.0 0.0 0.0 0.0 0.1 0.0 0.0 0.0 0.0 0.0 0.0 0.0 0.0 0.0 1.0 0.0 0.0 0.0 
0.1 0.0 0.0 0.0 0.0 0.0 0.0 0.1 0.0 0.0 0.0 0.0 0.0 0.0 0.0 0.0 0.0 1.0 0.0 0.0 0.0 
